number <-
c(97, 95, 96, 126, 93, 91, 115, 108, 115, 132, 119, 150, 120, 
124, 117, 83, 43, 77, 79, 38, 66, 89, 100, 97, 99, 110, 90, 92, 
86, 86, 55, 81, 89, 69, 83, 82, 39, 46, 45, 22, 51, 75, 76, 109, 
69, 37, 71, 48, 47, 79, 72, 71, 75, 58, 40, 37, 62, 52, 40, 58, 
48, 20, 47, 43, 74, 41, 37, 67, 50, 62, 96, 91, 104, 102, 101, 
86, 75, 68, 70, 62, 65, 89, 81, 35, 72, 60, 68, 72, 84, 61, 53, 
67, 70, 69, 81, 81, 77, 61, 59, 67, 91, 82, 74, 66, 59, 87, 81, 
79, 94, 87, 65, 69, 95, 88, 93, 81, 107, 126, 117, 122, 132, 
124, 162, 146, 139, 166, 134, 148, 150, 176, 160, 161, 115, 131, 
92, 108, 90, 150, 143, 134, 120, 111, 147, 119, 60, 103, 123, 
115, 120, 103, 112, 154, 139, 147, 132, 144, 151, 132, 98, 123, 
125, 114, 100, 85, 92, 89, 91, 81, 80, 67, 60, 96, 102, 98, 82, 
77, 68, 76, 66, 75, 103, 104, 80, 76, 73, 87, 79, 84, 71, 79, 
71, 90, 62, 76, 108, 113, 108, 81, 78, 87, 95, 80, 75, 85, 82, 
96, 97, 103, 126, 86, 103, 149, 151, 169, 157, 128, 109, 163, 
156, 174, 167, 142, 136, 126, 128, 96, 94, 76, 85, 54, 68, 81, 
73, 70, 88, 74, 66, 54, 63, 73, 71, 101, 93, 46, 52, 72, 61, 
66, 55, 94, 101, 74, 84, 69, 72, 78, 87, 65, 63, 72, 100, 87, 
88, 90, 86, 69, 73, 114, 80, 103, 95, 68, 51, 101, 54, 125, 146, 
167, 136, 178, 157, 142, 128, 121, 111, 104, 100, 146, 142, 96, 
116, 86, 85, 82, 84, 74, 105, 113, 96, 51, 82, 118, 111, 71, 
111, 124, 133, 101, 141, 152, 132, 129, 129, 93, 63, 89, 105, 
99, 105, 96, 78, 68, 98, 104, 112, 111, 89, 72, 81, 110, 117, 
114, 134, 173, 125, 139, 91, 102, 119, 104, 124, 74, 76, 113, 
105, 119, 88, 103, 79, 61, 90, 95, 90, 70, 66, 58, 58, 44, 85, 
59, 41, 70, 64, 65, 0)
